1400 , -1.34356 , 126.0
1402 , -0.859571 , 126.0
1404 , -0.232855 , 126.0
1406 , 0.463154 , 126.0
1408 , 1.13966 , 126.0
1410 , 1.70848 , 126.0
1412 , 2.05512 , 126.0
1414 , 2.16762 , 126.0
1416 , 2.13935 , 126.0
1418 , 1.94134 , 126.0
1420 , 1.55944 , 126.0
1422 , 1.09086 , 126.0
1424 , 0.619573 , 126.0
1426 , 0.203292 , 126.0
1428 , -0.119803 , 126.0
1430 , -0.333569 , 126.0
1432 , -0.416088 , 126.0
1434 , -0.468835 , 126.0
1436 , -0.418509 , 126.0
1438 , -0.344244 , 126.0
1440 , -0.255531 , 90.0
1442 , -0.171476 , 90.0
1444 , -0.101909 , 90.0
1446 , -0.0505914 , 90.0
1448 , -0.0169103 , 90.0
1450 , 0.0 , 90.0
1452 , 0.00924715 , 90.0
1454 , 0.0 , 90.0
1456 , 0.0 , 90.0
1458 , 0.0 , 90.0
1460 , 0.0 , 90.0
1462 , 0.0 , 90.0
1464 , 0.0 , 90.0
1466 , 0.0 , 90.0
1468 , 0.0 , 90.0
1470 , 0.0 , 90.0
1472 , 0.0 , 90.0
1474 , 0.0 , 90.0
1476 , 0.0 , 90.0
1478 , 0.0 , 90.0
1480 , 0.0 , -72.0
1482 , 0.0 , -72.0
1484 , 0.0 , -72.0
1486 , 0.0 , -72.0
1488 , 0.0 , -72.0
1490 , 0.0 , -72.0
1492 , 0.0 , -72.0
1494 , 0.0 , -72.0
1496 , 0.0 , -72.0
1498 , 0.0 , -72.0
1500 , 0.0 , -72.0
1502 , 0.0 , -72.0
1504 , 0.0 , -72.0
1506 , 0.0 , -72.0
1508 , 0.0 , -72.0
1510 , 0.0356918 , -72.0
1512 , 0.0674088 , -72.0
1514 , 0.111272 , -72.0
1516 , 0.16432 , -72.0
1518 , 0.212645 , -72.0
1520 , 0.239744 , -72.0
1522 , 0.228843 , -72.0
1524 , 0.156079 , -72.0
1526 , 0.0426437 , -72.0
1528 , -0.0684449 , -72.0
1530 , -0.393105 , -72.0
1532 , -0.822565 , -72.0
1534 , -1.32783 , -72.0
1536 , -1.84869 , -72.0
1538 , -2.30533 , -72.0
1540 , -2.52846 , -72.0
1542 , -2.40997 , -72.0
1544 , -1.97941 , -72.0
1546 , -1.24355 , -72.0
1548 , -0.517542 , -72.0
1550 , 0.0990675 , -72.0
1552 , 1.13414 , -72.0
1554 , 2.17622 , -72.0
1556 , 3.01957 , -72.0
1558 , 3.55358 , -72.0
1560 , 3.72256 , 216.0
1562 , 3.47835 , 216.0
1564 , 2.7966 , 216.0
1566 , 1.96388 , 216.0
1568 , 1.23775 , 216.0
1570 , 0.51741 , 216.0
1572 , 0.0 , 216.0
1574 , -0.391048 , 216.0
1576 , -0.686221 , 216.0
1578 , -0.810874 , 216.0
1580 , -0.812212 , 216.0
1582 , -0.712666 , 216.0
1584 , -0.553649 , 216.0
1586 , -0.394375 , 216.0
1588 , -0.250278 , 216.0
1590 , -0.13704 , 216.0
1592 , -0.0576499 , 216.0
1594 , -0.00126849 , 216.0
1596 , 0.0139967 , 216.0
1598 , 0.0261154 , 216.0
1600 , 0.0 , -72.0
1602 , 0.0 , -72.0
1604 , 0.0 , -72.0
1606 , 0.0 , -72.0
1608 , 0.0 , -72.0
1610 , 0.0 , -72.0
1612 , 0.0 , -72.0
1614 , 0.0 , -72.0
1616 , 0.0 , -72.0
1618 , 0.0 , -72.0
1620 , 0.0 , -72.0
1622 , 0.0 , -72.0
1624 , 0.0 , -72.0
1626 , 0.0 , -72.0
1628 , 0.0 , -72.0
1630 , 0.0208214 , -72.0
1632 , 0.0704787 , -72.0
1634 , 0.149242 , -72.0
1636 , 0.260155 , -72.0
1638 , 0.399647 , -72.0
1640 , 0.552873 , -108.0
1642 , 0.650032 , -108.0
1644 , 0.684266 , -108.0
1646 , 0.683555 , -108.0
1648 , 0.610505 , -108.0
1650 , 0.280952 , -108.0
1652 , -0.278629 , -108.0
1654 , -1.03514 , -108.0
1656 , -1.931 , -108.0
1658 , -2.86618 , -108.0
1660 , -3.70859 , -108.0
1662 , -4.31446 , -108.0
1664 , -4.25263 , -108.0
1666 , -4.2683 , -108.0
1668 , -3.63998 , -108.0
1670 , -2.53564 , -108.0
1672 , -1.14368 , -108.0
1674 , 0.357134 , -108.0
1676 , 1.76874 , -108.0
1678 , 2.90948 , -108.0
1680 , 3.64589 , 216.0
1682 , 3.8646 , 216.0
1684 , 3.7246 , 216.0
1686 , 3.15727 , 216.0
1688 , 2.33828 , 216.0
1690 , 1.41587 , 216.0
1692 , 0.533873 , 216.0
1694 , -0.189831 , 216.0
1696 , -0.521023 , 216.0
1698 , -0.639511 , 216.0
1700 , -0.403477 , 216.0
1702 , -0.439957 , 216.0
1704 , -0.21829 , 216.0
1706 , 0.229923 , 216.0
1708 , 0.657256 , 216.0
1710 , 0.997667 , 216.0
1712 , 1.20668 , 216.0
1714 , 1.18941 , 216.0
1716 , 0.924899 , 216.0
1718 , 0.55538 , 216.0
1720 , 0.183355 , 0.0
1722 , 0.0 , 0.0
1724 , 0.0 , 0.0
1726 , -0.115989 , 0.0
1728 , -0.326361 , 0.0
1730 , -0.398821 , 0.0
1732 , -0.39248 , 0.0
1734 , -0.33084 , 0.0
1736 , -0.258459 , 0.0
1738 , -0.174592 , 0.0
1740 , -0.0923704 , 0.0
1742 , -0.0389638 , 0.0
1744 , -0.00441143 , 0.0
1746 , 0.0 , 0.0
1748 , 0.00273739 , 0.0
1750 , 0.0138243 , 0.0
1752 , 0.0149092 , 0.0
1754 , 0.0 , 0.0
1756 , 0.0 , 0.0
1758 , 0.0 , 0.0
1760 , 0.0 , -342.0
1762 , 0.0 , -342.0
1764 , 0.0 , -342.0
1766 , 0.0 , -342.0
1768 , 0.0 , -342.0
1770 , 0.0 , -342.0
1772 , 0.0 , -342.0
1774 , 0.0 , -342.0
1776 , 0.0 , -342.0
1778 , 0.0 , -342.0
1780 , 0.0 , -342.0
1782 , 0.0 , -342.0
1784 , 0.0 , -342.0
1786 , 0.0 , -342.0
1788 , 0.0 , -342.0
1790 , 0.0 , -342.0
1792 , 0.0 , -342.0
1794 , 0.0 , -342.0
1796 , 0.0 , -342.0
1798 , 0.0 , -342.0
1800 , 0.0 , -342.0
1802 , 0.0 , -342.0
1804 , 0.0 , -342.0
1806 , 0.0 , -342.0
1808 , 0.0 , -342.0
1810 , 0.0 , -342.0
1812 , 0.0 , -342.0
1814 , 0.0 , -342.0
1816 , 0.0 , -342.0
1818 , 0.0 , -342.0
1820 , 0.0 , -342.0
1822 , 0.0 , -342.0
1824 , 0.0 , -342.0
1826 , 0.0 , -342.0
1828 , 0.0 , -342.0
1830 , 0.0 , -342.0
1832 , 0.0 , -342.0
1834 , 0.0 , -342.0
1836 , 0.0 , -342.0
1838 , 0.0 , -342.0
1840 , 0.0 , 36.0
1842 , 0.0 , 36.0
1844 , -0.0358488 , 36.0
1846 , -0.0393671 , 36.0
1848 , -0.0371652 , 36.0
1850 , -0.0146624 , 36.0
1852 , 0.0254225 , 36.0
1854 , 0.10629 , 36.0
1856 , 0.23362 , 36.0
1858 , 0.389735 , 36.0
1860 , 0.566496 , 36.0
1862 , 0.74338 , 36.0
1864 , 0.885444 , 36.0
1866 , 0.949477 , 36.0
1868 , 0.890769 , 36.0
1870 , 0.672732 , 36.0
1872 , 0.277618 , 36.0
1874 , -0.127871 , 36.0
1876 , -0.829544 , 36.0
1878 , -1.66281 , 36.0
1880 , -2.38951 , 36.0
1882 , -2.92509 , 36.0
1884 , -3.22064 , 36.0
1886 , -3.21842 , 36.0
1888 , -2.90553 , 36.0
1890 , -2.31809 , 36.0
1892 , -1.57916 , 36.0
1894 , -0.985857 , 36.0
1896 , -0.0507582 , 36.0
1898 , 0.70332 , 36.0
1900 , 1.32355 , 36.0
1902 , 1.66052 , 36.0
1904 , 1.69742 , 36.0
1906 , 1.72215 , 36.0
1908 , 1.50322 , 36.0
1910 , 1.16833 , 36.0
1912 , 0.814202 , 36.0
1914 , 0.470907 , 36.0
1916 , 0.193855 , 36.0
1918 , -0.00272798 , 36.0
1920 , -0.0970747 , 54.0
1922 , -0.226899 , 54.0
1924 , -0.264107 , 54.0
1926 , -0.251878 , 54.0
1928 , -0.197479 , 54.0
1930 , -0.103622 , 54.0
1932 , 0.0155935 , 54.0
1934 , 0.236764 , 54.0
1936 , 0.460132 , 54.0
1938 , 0.705753 , 54.0
1940 , 0.947594 , 54.0
1942 , 1.14091 , 54.0
1944 , 1.14962 , 54.0
1946 , 1.10723 , 54.0
1948 , 0.842256 , 54.0
1950 , 0.474183 , 54.0
1952 , 0.0470258 , 54.0
1954 , -0.236853 , 54.0
1956 , -0.708928 , 54.0
1958 , -1.16632 , 54.0
1960 , -1.21205 , -72.0
1962 , -1.23284 , -72.0
1964 , -1.13859 , -72.0
1966 , -0.954087 , -72.0
1968 , -0.75909 , -72.0
1970 , -0.579994 , -72.0
1972 , -0.461033 , -72.0
1974 , -0.429028 , -72.0
1976 , -0.511442 , -72.0
1978 , -0.576889 , -72.0
1980 , -0.738201 , -72.0
1982 , -0.819711 , -72.0
1984 , -0.769194 , -72.0
1986 , -0.586793 , -72.0
1988 , -0.0411657 , -72.0
1990 , 0.865257 , -72.0
1992 , 2.09646 , -72.0
1994 , 3.55949 , -72.0
1996 , 5.0869 , -72.0
1998 , 6.39701 , -72.0
2000 , 7.34355 , -90.0
2002 , 7.71642 , -90.0
2004 , 7.22113 , -90.0
2006 , 5.87831 , -90.0
2008 , 3.78083 , -90.0
2010 , 1.15362 , -90.0
2012 , -1.68 , -90.0
2014 , -4.35489 , -90.0
2016 , -6.53074 , -90.0
2018 , -7.95374 , -90.0
2020 , -8.48222 , -90.0
2022 , -8.08787 , -90.0
2024 , -7.15307 , -90.0
2026 , -5.63978 , -90.0
2028 , -3.91215 , -90.0
2030 , -2.22282 , -90.0
2032 , -0.768533 , -90.0
2034 , 0.331782 , -90.0
2036 , 1.03968 , -90.0
2038 , 1.38398 , -90.0
2040 , 1.43812 , 216.0
2042 , 1.29528 , 216.0
2044 , 1.03559 , 216.0
2046 , 0.76749 , 216.0
2048 , 0.509084 , 216.0
2050 , 0.299719 , 216.0
2052 , 0.14835 , 216.0
2054 , 0.0509077 , 216.0
2056 , -0.00352778 , 216.0
2058 , 0.0 , 216.0
2060 , 0.0 , 216.0
2062 , 0.0 , 216.0
2064 , 0.0 , 216.0
2066 , 0.0 , 216.0
2068 , 0.0 , 216.0
2070 , 0.0 , 216.0
2072 , 0.0 , 216.0
2074 , 0.0 , 216.0
2076 , 0.0 , 216.0
2078 , 0.0 , 216.0
2080 , 0.0 , -216.0
2082 , 0.0 , -216.0
2084 , 0.0 , -216.0
2086 , 0.0 , -216.0
2088 , 0.0 , -216.0
2090 , 0.0 , -216.0
2092 , 0.00423678 , -216.0
2094 , 0.0344957 , -216.0
2096 , 0.0851704 , -216.0
2098 , 0.0729835 , -216.0
2100 , 0.0 , -216.0
2102 , 0.0 , -216.0
2104 , 0.0 , -216.0
2106 , 0.0 , -216.0
2108 , 0.0 , -216.0
2110 , 0.0 , -216.0
2112 , 0.0 , -216.0
2114 , 0.0 , -216.0
2116 , -0.469679 , -216.0
2118 , -1.07328 , -216.0
2120 , -1.70553 , 36.0
2122 , -2.06286 , 36.0
2124 , -2.39636 , 36.0
2126 , -2.60762 , 36.0
2128 , -2.53259 , 36.0
2130 , -2.14824 , 36.0
2132 , -1.55237 , 36.0
2134 , -0.816179 , 36.0
2136 , -0.0179975 , 36.0
2138 , 0.532388 , 36.0
2140 , 1.25317 , 36.0
2142 , 1.62711 , 36.0
2144 , 1.7924 , 36.0
2146 , 1.77792 , 36.0
2148 , 1.64041 , 36.0
2150 , 1.44795 , 36.0
2152 , 1.28011 , 36.0
2154 , 0.860374 , 36.0
2156 , 0.396655 , 36.0
2158 , 0.122372 , 36.0
2160 , 0.0 , 0.0
2162 , 0.0 , 0.0
2164 , 0.0 , 0.0
2166 , 0.0 , 0.0
2168 , 0.0 , 0.0
2170 , -0.190818 , 0.0
2172 , -0.144172 , 0.0
2174 , -0.0906895 , 0.0
2176 , -0.0507835 , 0.0
2178 , -0.0236371 , 0.0
2180 , 0.0 , 0.0
2182 , 0.0 , 0.0
2184 , 0.0 , 0.0
2186 , 0.0 , 0.0
2188 , 0.0 , 0.0
2190 , 0.0 , 0.0
2192 , 0.0 , 0.0
2194 , 0.0 , 0.0
2196 , 0.0 , 0.0
2198 , 0.0 , 0.0
2200 , 0.0 , -342.0
